160 11. 1111111

Quae 1111 tercentum 11111111 vicenaque constent,
1111111111 11111111111 partes, quot ademit utrimque ⁴2⁰

11112111. ru 111111 111111 1111111 111111 1111111111, 1111 111111111111111.

00000010Μο

:ia ἳῖἰιδηῗιιηᾶ. 1111 1111111111. (111111. 1111 1111111111. 1111111111111111
1111111111 111Μηωτ1111ῗ11111111111111ξῗ111τ11111α1111111,1111111111 1111ύί1111Ῐὲ
11111 qut 1111. 111111 1111111 1111111111 modo 11111111,111111111 1111111111,
1111111111111 111111111111111 expendendum not 1111111 Ι11111111 nim
1111111111ἓ111“’· 111...ί ’.1111 Α1111111· 1111111111
11111 11 11111111 Aufentum 111111081111 11111 1111111 o: me, 1111191111.-
110111111. Qu 111 1111111111. 0111111111. ’811111111111111 1111211.
111111111111111111 111 11. 211. 111 1111111111 11111111, 111 1111 pm 111-
111111111111111111 11111111 220. 1111111111 111 1111111 1111111111 1111111111·
1111...111.’111,1111’1ἵ11111,11111111111111111111.ᾋί
1111’111’11ὶὶ111ἷῖ11111111111111111111111111111ἰί
1111, 120.111111 11111111 1111.ᾳ 81111 1111 11111111 1111111111122. 20’.
11111111, 20. 01. 811 1111111111111111111111111 111111 multiplicemur 11 11·
1111. 111200.111111111 1111111111 11111111 111111 11 1111111111111111,
1111111111 11111111 11111111 1111111111 11111. 111 1111111120. 11111110.
111111111ἓὲ11111111111-111111111111111111111111

{nummii 1111111111. 1111111. 11111111 11111.·111 restituendum. 1111111111

1111111111 1111111111 1111111111 11111 111111111111, 1111111111 ⁸ 2111111111ιῦ-

n. 11111111111ς 111111111111111111. Negat 1111111111 111118111111111111.

11110. ‘ 1’1111111,Ἰ11111,ι 1111111111111 11111111111111 111111, 11111,Ι 11 111

111111 111 ἦν, 111111. 811111111111111111 ; 1111 111 11111111111 1111111 111,
11 1

111111111311161111 Α11 11111111 1111 condemnandi erunt, 111 1111111111111
111111111111111111111111. 1111111111111111111111. 8111111 11111111
11 1111111111,1111111111 111111. Α11111111111111111 Pam· 11111 1111111

1111111 1111 1111111111 11111 originem 1111111 1111111113

Nom

112 Qu m [111] 1111111111, 11] 111111 1111111 1111111111, qne 1111-
111 legendnm. Μ111111111111.111 111 1111111 1111111111 11111 111·
1111111 1111111, 111. 11111111111111 1111111111111111111111111111111111,
11111111 111111 81111111, 1111 111· quot 1111111111111 111111111111111·
111111111111111111111111111111111 111111, 1111111111 111 11111 conti-
111111,111111111111111111 1111111, 1111. 1111111111 11111111111111-
111111111111111120. 1111111111111 11 utrobique 111111 1111111111. 01111
1111 11111 1111111111 120. 11 111111 11111111 1111111111 11111, 11111111-
11229.111.111111111111111111111. 1111 cognoscendum 1111 1111 hon·
111111 111111 1111111 11 1111111 111111, 1111 11111 111111111111, 1111111111-
1111720. · ’ 111111111111111,111111111111111111111,

120 11111111 111, [1111111111 1111 1111111111.’ At 1111111111111111
1111,]1·1.]8111111111111 2. 111. 1111 cognoscendum 1111 quot studiorum
1111 computationem 1111111111 111111, 111111 111 11111111111 111111 1111111
111111111 111111 111111111111111 1 111111 1111 1111111 1111111 1111 1111-

 

